listing_id,high,medium,low
7118875,0.0876666,0.181409,0.730924
7017692,0.0481723,0.191623,0.760205
6942874,0.104612,0.236466,0.658922
7012919,0.0366345,0.116755,0.846611
6835843,0.031484,0.222846,0.74567
6984444,0.180851,0.284521,0.534628
6928917,0.0490071,0.293339,0.657654
6888002,0.0626947,0.226198,0.711108
7033044,0.049316,0.16056,0.790124
7077361,0.139253,0.252815,0.607933
6961902,0.086688,0.266744,0.646568
6832348,0.0530442,0.295064,0.651892
7042446,0.0164578,0.145434,0.838108
6822270,0.0497633,0.169309,0.780928
7043059,0.0571379,0.218124,0.724738
6902071,0.034861,0.264405,0.700734
7062626,0.0390386,0.178535,0.782426
7126781,0.0448575,0.311528,0.643615
7215495,0.0517826,0.175814,0.772403
6919185,0.0378471,0.0529424,0.90921
6890895,0.0289369,0.287984,0.68308
7074879,0.110081,0.263081,0.626838
7071513,0.0572064,0.0916889,0.851105
6996320,0.092974,0.251403,0.655623
7179656,0.0532917,0.246772,0.699936
6826094,0.35815,0.321941,0.319909
7016024,0.0734096,0.234781,0.69181
6844873,0.0951056,0.331919,0.572976
7220387,0.0436396,0.21824,0.738121
7143467,0.0761644,0.154669,0.769166
7114881,0.0124173,0.163265,0.824317
7124331,0.0428398,0.257349,0.699811
7145577,0.0764445,0.308786,0.614769
6899081,0.0138431,0.116328,0.869829
6963391,0.0696945,0.221819,0.708487
6858191,0.068395,0.289478,0.642127
7201857,0.0972157,0.137598,0.765187
7138534,0.0378454,0.341344,0.620811
6955776,0.0743121,0.334731,0.590957
6876253,0.0108429,0.109079,0.880078
6970442,0.041059,0.153975,0.804966
7008796,0.0594747,0.204838,0.735687
7169109,0.010333,0.156654,0.833013
6992987,0.255136,0.377729,0.367135
7138720,0.0541171,0.183526,0.762357
7154116,0.0424275,0.217322,0.740251
7003087,0.0483317,0.103993,0.847675
6964398,0.907990599695,0.0,0.0920094003052
6905112,0.110081,0.263081,0.626838
7042004,0.0211204,0.440328,0.538552
7558429,0.0365531,0.1217,0.841747
7048364,0.0479824,0.162486,0.789532
6996625,0.0348461,0.0956601,0.869494
7172181,0.16229,0.334707,0.503003
7205824,0.0847105,0.257742,0.657548
7101918,0.049316,0.16056,0.790124
6908250,0.0782461,0.357687,0.564067
6897874,0.046934,0.205663,0.747403
6831807,0.066645,0.374932,0.558423
7047972,0.0572869,0.397545,0.545168
6818786,0.102966,0.254237,0.642797
6826719,0.0937802,0.174573,0.731647
7080965,0.0686325,0.240943,0.690425
7077967,0.0296109,0.104473,0.865916
6999461,0.0933684,0.0503236,0.856308
6964008,0.122553,0.205881,0.671566
7129172,0.0606519,0.241387,0.697961
7120386,0.0650824,0.150084,0.784834
7167554,0.0763295,0.233705,0.689966
6881102,0.0545174,0.111133,0.83435
7214424,0.0221032,0.14835,0.829547
6994685,0.0263437,0.131271,0.842386
6962956,0.041034,0.30244,0.656526
7023013,0.0495319,0.179608,0.77086
7041352,0.0377636,0.337016,0.62522
6814961,0.191304,0.388197,0.420499
6922292,0.0342964,0.0838712,0.881832
7226695,0.0325202,0.0993984,0.868081
6856238,0.0369989,0.125784,0.837217
7020076,0.21326,0.291055,0.495685
6847744,0.0283735,0.20375,0.767876
7120983,0.0674259,0.231746,0.700828
7203877,0.126249,0.387786,0.485965
6973134,0.0512777,0.16978,0.778942
6998668,0.092974,0.251403,0.655623
7070958,0.0598596,0.127056,0.813085
7211481,0.0542473,0.247564,0.698189
7024259,0.0359823,0.116254,0.847764
7142113,0.223399,0.159524,0.617077
6936809,0.104312,0.240233,0.655455
6963638,0.0436852,0.0967111,0.859604
7106511,0.0407627,0.181489,0.777748
6907865,0.0582237,0.249113,0.692664
7177818,0.0177924,0.29409,0.688118
6921245,0.0429995,0.175436,0.781565
6822512,0.118538,0.294421,0.587041
7008909,0.017637,0.236549,0.745815
7231297,0.0577855,0.156666,0.785549
6826882,0.0363777,0.269192,0.69443
6914161,0.050041,0.193283,0.756676
7045606,0.030306,0.218816,0.750878
7164981,0.0595902,0.182292,0.758118
6910513,0.0797661,0.225522,0.694712
6837060,0.115483,0.247122,0.637394
7188210,0.0886246,0.382345,0.52903
6972250,0.0660486,0.21058,0.723372
6958227,0.0302857,0.397629,0.572085
7096777,0.0515671,0.322964,0.625469
7041542,0.0645516,0.293408,0.64204
6986552,0.0393263,0.122201,0.838473
7231436,0.071102,0.238582,0.690316
7204627,0.0159096,0.072805,0.911285
7073489,0.064346,0.0600492,0.875605
6856247,0.0523685,0.115433,0.832198
7222256,0.0429963,0.249579,0.707425
7031806,0.096755,0.3328,0.570445
6988005,0.0226762,0.319541,0.657783
7201491,0.0392606,0.204327,0.756412
6814084,0.0321064,0.115618,0.852275
7133618,0.105161,0.191536,0.703304
7198358,0.043477,0.147586,0.808937
6894915,0.0554186,0.236758,0.707824
6988954,0.04656,0.17537,0.77807
6828720,0.0535735,0.170763,0.775663
7161986,0.0753034,0.338007,0.58669
6848487,0.0202491,0.0816188,0.898132
7132168,0.131239,0.225001,0.64376
6902665,0.0381812,0.136643,0.825176
6893986,0.0459651,0.295726,0.658309
7042613,0.117591,0.154049,0.72836
6941942,0.226396,0.437306,0.336298
7210516,0.129431,0.307773,0.562797
6857549,0.0478501,0.170719,0.781431
6852225,0.0934381,0.192102,0.71446
6812215,0.0603177,0.246794,0.692889
7110057,0.0516095,0.194627,0.753763
6854489,0.0236423,0.0973878,0.87897
7510953,0.0218484,0.201826,0.776326
7232217,0.0483085,0.163026,0.788665
7157306,0.0734096,0.234781,0.69181
6890882,0.0925233,0.581409,0.326067
7168950,0.128392,0.139614,0.731994
7060624,0.0465581,0.168908,0.784534
7119837,0.07525,0.202375,0.722376
7103603,0.0571379,0.218124,0.724738
7080803,0.0302347,0.133998,0.835767
7013036,0.0395925,0.177977,0.782431
6837889,0.062325,0.267956,0.669719
7179636,0.093829,0.299566,0.606605
7119470,0.0400658,0.130696,0.829238
7189399,0.137352,0.193644,0.669004
7051556,0.10572,0.0953785,0.798902
7084088,0.0924294,0.377166,0.530405
6875770,0.109852,0.321289,0.568859
7167134,0.0495461,0.154062,0.796392
7169097,0.0807544,0.310403,0.608843
6921856,0.104312,0.240233,0.655455
6973969,0.0297882,0.36368,0.606532
6937728,0.0488526,0.189014,0.762134
6880747,0.212952,0.367629,0.419419
6838185,0.0527556,0.289361,0.657884
6822111,0.0921211,0.242743,0.665136
7032101,0.0,0.0554624365341,0.944537533572
7066940,0.0764233,0.362694,0.560883
6887000,0.0436637,0.357168,0.599169
6888799,0.0407001,0.159964,0.799336
6931286,0.0296109,0.104473,0.865916
6841544,0.0780264,0.192598,0.729376
7122785,0.0144917,0.171058,0.81445
7003310,0.0957012,0.328062,0.576237
6937894,0.0520547,0.223555,0.72439
6848731,0.117085,0.308033,0.574883
7043348,0.0278657,0.399759,0.572375
6823169,0.0142773,0.179676,0.806047
7201369,0.16229,0.334707,0.503003
7088983,0.0420232,0.26522,0.692757
6904905,0.0399517,0.0627913,0.897257
6860248,0.0343635,0.0741981,0.891438
6819891,0.0380751,0.193477,0.768448
6968396,0.142104,0.243988,0.613908
7012344,0.0680584,0.0831597,0.848782
7166342,0.0431814,0.165931,0.790888
6842978,0.0595745,0.185884,0.754542
7149934,0.122364,0.357568,0.520068
7137822,0.120387,0.400891,0.478722
6885351,0.0351644,0.284365,0.68047
7126068,0.239227,0.36944,0.391333
7002624,0.0487735,0.235107,0.71612
6865752,0.0577635,0.238724,0.703513
6859153,0.0349635,0.133069,0.831967
6877305,0.0280384,0.138535,0.833426
6989869,0.0408697,0.215075,0.744056
7113946,0.0392606,0.204327,0.756412
7231002,0.060418,0.265331,0.674251
7230370,0.0429193,0.347078,0.610003
6895110,0.0679122,0.188365,0.743723
6980523,0.034184,0.175009,0.790807
7069672,0.158859,0.342059,0.499082
6856122,0.0285872,0.12232,0.849092
6911220,0.0796377,0.0558312,0.864531
6942473,0.057672,0.222748,0.719581
6816620,0.0790183,0.383684,0.537297
6927884,0.0589102,0.237058,0.704032
7013243,0.100178,0.357925,0.541896
6892398,0.117085,0.308033,0.574883
7046494,0.0606675,0.129282,0.810051
6965602,0.0796084,0.203315,0.717076
7226147,0.057804,0.535845,0.406351
6831653,0.0992515,0.163084,0.737664
6827865,0.0530442,0.295064,0.651892
6868457,0.0648981,0.466858,0.468244
6988070,0.0308038,0.101029,0.868167
6894666,0.0385516,0.162755,0.798693
7079423,0.0893847,0.359124,0.551491
7009571,0.0319746,0.279806,0.688219
6892846,0.0566223,0.256805,0.686573
6857398,0.0786414,0.375021,0.546338
7150442,0.0679506,0.210333,0.721717
6839242,0.0527533,0.61645,0.330797
6948035,0.0339195,0.240054,0.726026
7175719,0.106688,0.183481,0.709831
7006223,0.117822,0.264751,0.617428
7079711,0.04656,0.17537,0.77807
7065648,0.0336878,0.0733643,0.892948
6874651,0.0346077,0.137885,0.827507
7065721,0.0582237,0.249113,0.692664
6974661,0.0569877,0.172991,0.770022
7117642,0.0684436,0.16975,0.761807
7227039,0.0159012,0.233217,0.750881
6904440,0.0565786,0.228972,0.714449
6957281,0.222549,0.223144,0.554307
7231935,0.0530028,0.232544,0.714453
7174842,0.100893,0.27628,0.622827
7120996,0.0455415,0.195177,0.759282
7026911,0.0351268,0.227854,0.737019
7132544,0.0347081,0.201583,0.763709
7059058,0.0461816,0.169755,0.784063
6891022,0.0650187,0.278273,0.656709
7215308,0.0495075,0.12814,0.822353
7039510,0.0394969,0.0945661,0.865937
6858906,0.0461808,0.0602494,0.89357
7179947,0.0256737,0.0776311,0.896695
7052952,0.0379594,0.107138,0.854903
6870133,0.0382816,0.165666,0.796052
6840713,0.113799,0.238817,0.647384
7183533,0.0458709,0.163607,0.790522
6947823,0.0491338,0.228335,0.722531
7020934,0.0677825,0.343779,0.588439
7081432,0.0177612,0.19123,0.791009
6931898,0.034201,0.2115,0.754299
6926786,0.0903648,0.494428,0.415207
7226474,0.0597345,0.17735,0.762915
6824653,0.0350683,0.24004,0.724892
6926021,0.373763,0.409763,0.216474
6997202,0.0557988,0.105311,0.83889
7092954,0.0831515,0.19139,0.725459
6895651,0.0414199,0.28286,0.67572
7232350,0.0367751,0.191242,0.771983
7226542,0.0312641,0.313932,0.654804
7228687,0.0328012,0.0452223,0.921976
7204455,0.0345171,0.189679,0.775804
6901828,0.10321,0.376281,0.520509
6882267,0.096794,0.293045,0.610161
7159494,0.0699065,0.289751,0.640343
7219294,0.133626,0.21923,0.647145
7191707,0.119127,0.39425,0.486623
6879834,0.0741478,0.323866,0.601986
7028472,0.0742218,0.166155,0.759623
7159292,0.0450448,0.3475,0.607455
7113688,0.101393,0.162016,0.736591
7224333,0.0607113,0.368308,0.570981
7036379,0.0538213,0.23925,0.706929
6829584,0.109548,0.282526,0.607926
6837755,0.0847631,0.217564,0.697673
6957200,0.0447132,0.0843387,0.870948
6820701,0.0446578,0.0907081,0.864634
7191206,0.033404,0.0803821,0.886214
7166110,0.0615323,0.218853,0.719615
7016027,0.0748135,0.262,0.663186
6976452,0.0434135,0.431819,0.524767
7219451,0.191575,0.258869,0.549556
6987030,0.0179911,0.172865,0.809144
7050517,0.0779879,0.215721,0.706291
7113774,0.0171517,0.100853,0.881995
6825124,0.0854049,0.590992,0.323603
7109825,0.0474951,0.125253,0.827252
7115758,0.184295,0.352672,0.463033
6923410,0.060161,0.154156,0.785683
7102790,0.227083,0.273017,0.4999
6885135,0.0239038,0.0972099,0.878886
7110524,0.502427,0.123538,0.374035
6812300,0.0399517,0.0627913,0.897257
7013650,0.0468002,0.183608,0.769592
6834266,0.0683457,0.272381,0.659273
6998133,0.0360297,0.146792,0.817178
7090067,0.0523538,0.14101,0.806636
7054509,0.0221633,0.129432,0.848404
7169293,0.0501862,0.228727,0.721087
6839679,0.0752174,0.305856,0.618926
7077850,0.012705,0.0595953,0.9277
7162241,0.0420232,0.26522,0.692757
7181102,0.0947346,0.345228,0.560037
6833489,0.0432096,0.218825,0.737965
6987696,0.020995,0.183444,0.795561
6815639,0.0607971,0.284489,0.654714
6914138,0.0423282,0.116912,0.84076
7160503,0.0491596,0.0912489,0.859592
7009844,0.0310939,0.222824,0.746082
7230646,0.0677091,0.297996,0.634295
6893379,0.0374593,0.175499,0.787042
7076510,0.0334371,0.157529,0.809033
6990609,0.0549238,0.235326,0.70975
6947748,0.0578123,0.315891,0.626297
6870357,0.0689494,0.418312,0.512739
7124612,0.116459,0.324088,0.559453
7070212,0.0495266,0.131855,0.818619
7128298,0.116459,0.324088,0.559453
7019441,0.0979511,0.437897,0.464152
7196480,0.0150188,0.252389,0.732592
7095327,0.0378471,0.0529424,0.90921
6851374,0.259921,0.431436,0.308644
6900796,0.0349254,0.140692,0.824383
6979727,0.119504,0.198768,0.681728
6876351,0.0243203,0.186868,0.788812
6905664,0.0418774,0.0707495,0.887373
6972699,0.0,0.00458773388665,0.995412266113
6971793,0.0387475,0.155223,0.806029
7223043,0.0542896,0.17863,0.76708
6891448,0.0698922,0.257516,0.672591
7016233,0.0732963,0.157453,0.76925
7208830,0.071109,0.287398,0.641493
6871949,0.0359261,0.222088,0.741986
6907021,0.156495,0.32674,0.516765
7254131,0.0353686,0.149437,0.815194
6900304,0.0607971,0.284489,0.654714
7196590,0.0420809,0.230326,0.727593
6966877,0.0408316,0.252315,0.706854
7061240,0.0476029,0.181859,0.770538
7088180,0.139253,0.252815,0.607933
6991225,0.0747932,0.426532,0.498675
7076421,0.120175,0.207656,0.672169
7223881,0.0485234,0.236602,0.714875
6994438,0.0362003,0.246323,0.717477
7130938,0.0498212,0.210467,0.739712
7173057,0.173341,0.451088,0.37557
7009013,0.0779928,0.296298,0.625709
7025771,0.0264277,0.0347555,0.938817
6871522,0.104312,0.240233,0.655455
6935652,0.0373873,0.126032,0.836581
7060108,0.0566223,0.256805,0.686573
7228842,0.0560722,0.194427,0.749501
7231348,0.0366345,0.116755,0.846611
6915545,0.139253,0.252815,0.607933
6941906,0.04656,0.17537,0.77807
7078902,0.0380751,0.193477,0.768448
7214296,0.041878,0.172787,0.785335
6888468,0.0671029,0.312027,0.62087
7082057,0.0575531,0.319364,0.623083
7035615,0.0623963,0.224848,0.712755
7151916,0.0973596,0.26674,0.6359
6845801,0.102484,0.246201,0.651314
6862015,0.0371164,0.161272,0.801612
7064101,0.0364965,0.233574,0.729929
7091753,0.0657234,0.181237,0.75304
6820050,0.0294799,0.159505,0.811015
6873322,0.0453569,0.245628,0.709015
7160938,0.0890759,0.150615,0.760309
6913598,0.0830506,0.275005,0.641944
6962501,0.0500707,0.243512,0.706417
7202175,0.0326106,0.111764,0.855626
6933983,0.0720455,0.198832,0.729122
7055902,0.054442,0.164353,0.781205
6926686,0.0758285,0.263231,0.660941
7173209,0.110731,0.214904,0.674366
6820986,0.0831209,0.211842,0.705037
7023332,0.0370157,0.238471,0.724513
7042908,0.0589947,0.144853,0.796152
6898460,0.0644351,0.327262,0.608303
7094269,0.417899,0.264425,0.317676
6853123,0.0300382,0.199661,0.770301
6939561,0.0449515,0.123193,0.831855
7188447,0.0323065,0.216166,0.751527
7141205,0.0285872,0.12232,0.849092
7119022,0.0505851,0.358299,0.591116
6887970,0.096755,0.3328,0.570445
7002777,0.0832264,0.232523,0.684251
7024216,0.030953,0.284615,0.684432
7008382,0.0634757,0.253148,0.683376
7075902,0.099338,0.387589,0.513073
6832704,0.0408284,0.185526,0.773645
6938260,0.0949554,0.101447,0.803598
7044676,0.0302857,0.397629,0.572085
6824917,0.0854127,0.240516,0.674071
6912580,0.0252626,0.239622,0.735116
7197866,0.35907,0.401709,0.239221
7254030,0.0679825,0.413822,0.518195
6933118,0.0380751,0.193477,0.768448
6919409,0.0387475,0.155223,0.806029
6931994,0.0661783,0.194274,0.739547
7228988,0.0782836,0.247153,0.674563
7170731,0.0448575,0.311528,0.643615
7213465,0.0721849,0.189656,0.738159
7202070,0.138724,0.216232,0.645044
7046229,0.0291956,0.102947,0.867857
6862113,0.0440654,0.103645,0.852289
7158905,0.0475918,0.193785,0.758623
7225568,0.136457,0.303806,0.559737
6855393,0.168934,0.481844,0.349222
7130458,0.132767,0.3658,0.501433
6906861,0.0613957,0.229058,0.709546
6899532,0.0437718,0.232522,0.723707
7139817,0.0643439,0.226632,0.709024
7219323,0.0436852,0.0967111,0.859604
6960535,0.0590204,0.227177,0.713802
7225849,0.0441582,0.243326,0.712516
6987803,0.0481986,0.137781,0.81402
7084112,0.0227508,0.0631313,0.914118
6819317,0.0302857,0.397629,0.572085
6975533,0.104257,0.378494,0.517249
7178911,0.0574744,0.172312,0.770214
7173036,0.130725,0.275332,0.593944
6943281,0.049316,0.16056,0.790124
6842542,0.0616524,0.20374,0.734608
7075312,0.0436154,0.0576813,0.898703
7092720,0.084337,0.384355,0.531308
7070182,0.096755,0.3328,0.570445
6948524,0.0586137,0.202328,0.739059
7013688,0.0495319,0.179608,0.77086
7008608,0.0194369,0.178489,0.802074
6942174,0.0431611,0.257038,0.699801
7103105,0.0380751,0.193477,0.768448
7157900,0.0261228,0.276916,0.696961
6996267,0.0515122,0.244195,0.704293
7124876,0.0582237,0.249113,0.692664
7169245,0.0606519,0.241387,0.697961
7078469,0.0453569,0.245628,0.709015
6868020,0.118086,0.241428,0.640486
7066381,0.020995,0.183444,0.795561
7071709,0.0363777,0.269192,0.69443
6958138,0.0399745,0.268562,0.691464
7071596,0.0464848,0.0969743,0.856541
7047310,0.031928,0.0960893,0.871983
7105633,0.0892311,0.342887,0.567882
6848629,0.130216,0.257553,0.612231
6878474,0.0202491,0.0816188,0.898132
7067331,0.0231982,0.180785,0.796017
7121238,0.0879006,0.410062,0.502038
7213921,0.0890759,0.150615,0.760309
7213410,0.0743121,0.334731,0.590957
7072155,0.0928157,0.380705,0.526479
7038302,0.0379854,0.19734,0.764674
6938382,0.0617756,0.682296,0.255928
6891165,0.0230006,0.0937456,0.883254
7031101,0.052459,0.183847,0.763694
7178615,0.0930431,0.285836,0.621121
6832116,0.0305441,0.260929,0.708527
7132112,0.0480774,0.144865,0.807058
7087742,0.0514595,0.186813,0.761728
7020845,0.0630855,0.18939,0.747524
6931146,0.0268819,0.101803,0.871315
6994592,0.0352758,0.151541,0.813183
6964617,0.0202491,0.0816188,0.898132
6987965,0.032234,0.223777,0.743989
7000204,0.0234251,0.159296,0.817279
6870052,0.0418745,0.138194,0.819931
6928977,0.263786,0.483956,0.252258
7193998,0.0468002,0.183608,0.769592
7180238,0.0448575,0.311528,0.643615
6848660,0.0475048,0.172821,0.779674
6841977,0.052459,0.183847,0.763694
6876855,0.0548474,0.285449,0.659703
6816618,0.180392,0.22773,0.591878
7062494,0.0485094,0.0840488,0.867442
6895208,0.0288057,0.18869,0.782504
6905363,0.123768,0.483039,0.393194
7466394,0.0782848,0.47469,0.447025
7220026,0.0447132,0.0843387,0.870948
6984553,0.212999,0.228655,0.558346
7040493,0.0787707,0.356318,0.564912
7023974,0.273175,0.352362,0.374463
7026472,0.0506062,0.162314,0.787079
7006861,0.130128,0.315528,0.554344
7010317,0.0494554,0.0848444,0.8657
6847377,0.0513405,0.256251,0.692408
7136233,0.0704166,0.359265,0.570318
7119774,0.031928,0.0960893,0.871983
7049314,0.0124173,0.163265,0.824317
7228295,0.0212074,0.219645,0.759148
7071260,0.0856311,0.288295,0.626074
7102174,0.04656,0.17537,0.77807
6882755,0.0530342,0.200127,0.746838
7063769,0.0349773,0.141639,0.823384
6830787,0.0650824,0.150084,0.784834
7020299,0.0390086,0.0840375,0.876954
7127036,0.0855838,0.31394,0.600477
6928406,0.0862598,0.180175,0.733565
6974441,0.0498212,0.210467,0.739712
7169978,0.0363777,0.269192,0.69443
7029099,0.037244,0.166615,0.796141
7002176,0.128733,0.322793,0.548474
7215479,0.101762,0.302035,0.596203
7135563,0.0572869,0.397545,0.545168
7116842,0.0817787,0.30738,0.610842
6824684,0.0593801,0.184554,0.756066
6930589,0.0560655,0.188541,0.755394
7227454,0.030787,0.0864137,0.882799
6886335,0.185383,0.719219,0.0953981
7145341,0.0155411,0.327798,0.656661
6860671,0.089127,0.254557,0.656316
6851487,0.0682242,0.135105,0.796671
7088956,0.0350683,0.24004,0.724892
7135816,0.117393,0.375481,0.507125
6862728,0.0746047,0.155003,0.770392
6910371,0.0888815,0.187346,0.723772
7165745,0.0371709,0.501955,0.460874
7028265,0.0459651,0.295726,0.658309
6847275,0.117688,0.25863,0.623682
6868335,0.0640983,0.0938942,0.842008
6924785,0.0657234,0.181237,0.75304
7022978,0.0287617,0.134889,0.83635
6814141,0.106457,0.178401,0.715141
6992288,0.110801,0.440468,0.44873
7186334,0.026227,0.436842,0.536931
6985723,0.0878126,0.251195,0.660993
7244139,0.0299078,0.263471,0.706621
7032242,0.018028,0.169555,0.812417
6850481,0.218395,0.229842,0.551763
7064220,0.0643139,0.177582,0.758104
6932041,0.150921,0.302675,0.546405
6955964,0.0471286,0.210364,0.742507
6887086,0.0235388,0.333683,0.642778
6824778,0.0344462,0.260381,0.705173
6905334,0.0371709,0.501955,0.460874
7193314,0.0658117,0.187004,0.747184
6898176,0.113518,0.332933,0.553549
7176635,0.0448124,0.325358,0.629829
7158018,0.0549238,0.235326,0.70975
7105040,0.0633304,0.27912,0.65755
6834183,0.0350683,0.24004,0.724892
7116789,0.0623332,0.121556,0.816111
7120669,0.152826,0.388955,0.458219
7162971,0.0210268,0.122123,0.85685
6853374,0.128506,0.137015,0.734479
7145373,0.502427,0.123538,0.374035
7154392,0.156112,0.329903,0.513985
7020896,0.0637622,0.163413,0.772825
7084273,0.0779879,0.215721,0.706291
6878191,0.0428398,0.257349,0.699811
7220397,0.139253,0.252815,0.607933
6971162,0.0742153,0.310143,0.615642
7141449,0.027343,0.156849,0.815808
7056862,0.0865104,0.320165,0.593324
6974827,0.0644404,0.051695,0.883865
7141812,0.0679919,0.216431,0.715577
6866692,0.0322737,0.326307,0.641419
6843367,0.0634717,0.118753,0.817775
7136390,0.0863964,0.168327,0.745276
6902012,0.052976,0.218319,0.728705
7003177,0.0487735,0.235107,0.71612
6833046,0.0304677,0.186711,0.782821
6928735,0.033465,0.136046,0.830489
6819649,0.0457048,0.140079,0.814216
6907704,0.140297,0.25603,0.603673
7196161,0.0321064,0.115618,0.852275
6853854,0.0360552,0.134845,0.8291
6840861,0.12112,0.300131,0.57875
7010540,0.056888,0.175427,0.767685
6829056,0.0240471,0.342588,0.633365
6935347,0.079639,0.300328,0.620033
7163242,0.0634674,0.198464,0.738069
7178231,0.120435,0.426547,0.453018
7102074,0.147527,0.19744,0.655033
7184682,0.0582237,0.249113,0.692664
6824419,0.0488289,0.101383,0.849788
7224550,0.0475048,0.172821,0.779674
7125035,0.194071,0.334548,0.471381
7222813,0.0277855,0.0892258,0.882989
7021653,0.0994198,0.330858,0.569723
7027961,0.170744,0.123493,0.705763
6898880,0.0352758,0.151541,0.813183
6977157,0.0681138,0.202228,0.729658
7016424,0.0527556,0.289361,0.657884
7170445,0.0308038,0.101029,0.868167
7110916,0.0955898,0.224655,0.679755
7125893,0.0502922,0.212257,0.737451
7004632,0.044796,0.18281,0.772394
7194605,0.0448575,0.311528,0.643615
7043760,0.052976,0.218319,0.728705
6902417,0.117085,0.308033,0.574883
6818890,0.0436303,0.121839,0.834531
6892403,0.117393,0.375481,0.507125
6980012,0.0611247,0.186352,0.752524
6874756,0.0283735,0.20375,0.767876
7042116,0.0784253,0.301149,0.620426
6859082,0.14458,0.380171,0.475249
7120181,0.0519338,0.180579,0.767487
6890928,0.026269,0.17665,0.797081
6858415,0.0889873,0.16767,0.743343
6818354,0.0658631,0.23081,0.703327
7020414,0.107911,0.1477,0.74439
6969120,0.0969891,0.251433,0.651578
7193495,0.0845284,0.16276,0.752711
6955364,0.039947,0.176511,0.783542
6947173,0.0346385,0.11475,0.850611
7059438,0.0321431,0.132908,0.834949
7019338,0.0364965,0.233574,0.729929
7521846,0.10679,0.373031,0.520179
7010154,0.101393,0.162016,0.736591
6958392,0.117085,0.308033,0.574883
7169225,0.0891475,0.280188,0.630664
7161947,0.0266587,0.312887,0.660454
6963411,0.0194973,0.124043,0.856459
7051039,0.114555,0.391657,0.493787
7060030,0.0886246,0.382345,0.52903
7148480,0.0385516,0.162755,0.798693
7218819,0.0942027,0.235275,0.670522
6928006,0.0469836,0.330669,0.622348
7057001,0.0792111,0.245874,0.674915
7101495,0.0346077,0.137885,0.827507
7079866,0.0349254,0.140692,0.824383
7168983,0.0889873,0.16767,0.743343
6842455,0.0463643,0.292797,0.660839
7195595,0.0260484,0.117115,0.856837
6996421,0.0633304,0.27912,0.65755
7138533,0.0767552,0.176476,0.746768
6882676,0.235905,0.273886,0.490209
6852619,0.0468007,0.265856,0.687344
7135071,0.0890759,0.150615,0.760309
6818453,0.0873247,0.227615,0.68506
7200181,0.0641767,0.195633,0.740191
7071298,0.0598596,0.127056,0.813085
6817727,0.0488289,0.101383,0.849788
6993766,0.0383327,0.0734498,0.888217
6920672,0.0302857,0.397629,0.572085
6888877,0.0392606,0.204327,0.756412
7214355,0.0606675,0.129282,0.810051
6848651,0.0431022,0.232275,0.724623
7024567,0.453579,0.300046,0.246374
7136625,0.0552973,0.17293,0.771773
6923270,0.0816493,0.192398,0.725952
7055715,0.0371402,0.144363,0.818497
7057031,0.00537532,0.0240197,0.970605
6859331,0.0634757,0.253148,0.683376
6862257,0.0626657,0.244185,0.693149
6952491,0.0288057,0.18869,0.782504
6907084,0.0569022,0.161167,0.781931
7016211,0.0102342,0.0893765,0.900389
7146429,0.123768,0.483039,0.393194
6820896,0.0302857,0.397629,0.572085
7198417,0.0474064,0.415225,0.537368
6890128,0.0895853,0.217458,0.692957
7064351,0.0780246,0.247873,0.674103
7143427,0.0325202,0.0993984,0.868081
6986500,0.0255838,0.134057,0.840359
7300745,0.0573977,0.266879,0.675724
6920727,0.0356885,0.444096,0.520216
7205202,0.0764797,0.269989,0.653531
7108951,0.049825,0.0821174,0.868058
7195856,0.0742961,0.152737,0.772967
7173535,0.0530342,0.200127,0.746838
6953672,0.0503973,0.169833,0.779769
6865956,0.0493022,0.186011,0.764687
7058153,0.0884528,0.291677,0.619871
7194293,0.0431814,0.165931,0.790888
7077086,0.0481278,0.310035,0.641838
6972846,0.0668473,0.289808,0.643345
6960957,0.0436888,0.173428,0.782883
6889455,0.0346825,0.115593,0.849724
7187800,0.0920456,0.148876,0.759079
7216074,0.10461,0.426431,0.468959
7195532,0.0195352,0.160409,0.820056
7031625,0.0346385,0.11475,0.850611
6911508,0.0289471,0.223594,0.747459
7167069,0.0608309,0.142889,0.796281
6980289,0.0779928,0.296298,0.625709
7118468,0.0886246,0.382345,0.52903
6835985,0.0776237,0.160778,0.761599
7120646,0.0508755,0.228707,0.720418
7204346,0.0474064,0.415225,0.537368
7110040,0.096755,0.3328,0.570445
7192938,0.0760704,0.21899,0.70494
7125601,0.0338067,0.0694832,0.89671
7044065,0.0215,0.263589,0.714911
6993595,0.239799,0.196151,0.56405
7006360,0.0586628,0.197667,0.74367
6996419,0.029722,0.0728089,0.897469
6844123,0.0716159,0.166901,0.761483
6906729,0.0671029,0.312027,0.62087
6917707,0.0468878,0.135173,0.817939
7175189,0.104495,0.146169,0.749335
7078264,0.320634,0.289465,0.389901
7227680,0.0252039,0.407453,0.567343
6944925,0.0276131,0.234425,0.737962
7096119,0.149203,0.392863,0.457934
7050258,0.0498044,0.357845,0.592351
7144516,0.675875,0.259943,0.0641828
7032116,0.0364951,0.177308,0.786197
6919147,0.0681691,0.315811,0.61602
7210514,0.121942,0.168653,0.709405
6841945,0.522783,0.116284,0.360933
6878281,0.087427,0.393342,0.519231
7116557,0.0661172,0.30962,0.624262
6992039,0.131601,0.257878,0.610521
7204583,0.00908155,0.319134,0.671784
7217104,0.0291956,0.102947,0.867857
7002271,0.0775366,0.47899,0.443474
6853669,0.276489,0.44524,0.27827
7030426,0.0138431,0.116328,0.869829
7124341,0.0540579,0.0720189,0.873923
7170550,0.134252,0.400626,0.465122
6895374,0.110731,0.214904,0.674366
6983066,0.0669471,0.354676,0.578377
7181077,0.0461932,0.212424,0.741383
6842461,0.0402845,0.385619,0.574097
7194809,0.0317943,0.146849,0.821356
7062450,0.105818,0.40802,0.486162
7045797,0.0464278,0.247768,0.705804
7108928,0.0648481,0.186886,0.748266
7050319,0.0186206,0.242158,0.739221
6922840,0.0402204,0.332604,0.627175
7156277,0.0406484,0.112878,0.846474
6820601,0.0845284,0.16276,0.752711
6828985,0.0181177,0.165704,0.816178
6842076,0.0431022,0.232275,0.724623
6942623,0.169624,0.511103,0.319273
6939725,0.0417202,0.240574,0.717706
6947864,0.0530026,0.345248,0.601749
6819912,0.0454956,0.0671669,0.887337
7113831,0.041212,0.137977,0.820811
6849934,0.0518926,0.249794,0.698314
7131030,0.079639,0.300328,0.620033
7109969,0.0582237,0.249113,0.692664
6888718,0.132363,0.257698,0.60994
7214586,0.043866,0.154302,0.801832
7157041,0.0658882,0.181771,0.75234
6825513,0.0811852,0.228936,0.689879
7118728,0.0615533,0.163413,0.775034
7168747,0.0707426,0.282154,0.647103
6959843,0.0831209,0.211842,0.705037
6877563,0.079419,0.329544,0.591037
6979497,0.020321,0.287214,0.692465
7210341,0.0682434,0.432945,0.498812
7194588,0.0387475,0.155223,0.806029
7179786,0.087059,0.289421,0.62352
6948414,0.0324219,0.585909,0.381669
7197872,0.0208826,0.174756,0.804362
7008381,0.0782847,0.278841,0.642875
7203764,0.0286223,0.147499,0.823879
7109388,0.0360667,0.334533,0.6294
7178158,0.0475918,0.193785,0.758623
6820730,0.0351644,0.284365,0.68047
6874339,0.0748724,0.141403,0.783725
7231227,0.0138854,0.128653,0.857461
6993896,0.0174862,0.160173,0.82234
6962465,0.0351611,0.105607,0.859232
7033556,0.0672737,0.157811,0.774916
6839359,0.0387475,0.155223,0.806029
7188950,0.0588364,0.223864,0.7173
6816141,0.120349,0.274053,0.605598
7116771,0.0441268,0.102292,0.853581
6857595,0.0208826,0.174756,0.804362
7180310,0.298597,0.627551,0.073852
6886939,0.0395396,0.222071,0.73839
6970500,0.044796,0.18281,0.772394
7026310,0.0549238,0.235326,0.70975
6823670,0.0736482,0.18296,0.743391
7155250,0.0554492,0.279458,0.665093
6916640,0.0342416,0.249625,0.716133
6914924,0.0352672,0.481347,0.483386
6976801,0.078695,0.211658,0.709647
6969901,0.0306159,0.114052,0.855332
7231118,0.0889916,0.302558,0.60845
7117518,0.0328012,0.0452223,0.921976
6878157,0.103579,0.411536,0.484885
7218430,0.0572869,0.397545,0.545168
6918223,0.0448575,0.311528,0.643615
6854827,0.02029,0.092443,0.887267
7119548,0.0433769,0.2185,0.738123
6851954,0.185383,0.719219,0.0953981
6955922,0.0289108,0.194514,0.776575
6820996,0.28383,0.529362,0.186808
6858365,0.0545174,0.111133,0.83435
7189001,0.0461651,0.201253,0.752582
7190893,0.0572869,0.397545,0.545168
6841936,0.0414132,0.151909,0.806678
7061910,0.0588365,0.350624,0.59054
7070323,0.487715,0.303272,0.209013
7160707,0.0772328,0.307517,0.61525
6822541,0.0,0.101217375038,0.89878256621
6981514,0.151421,0.298741,0.549838
6939627,0.0435067,0.249883,0.70661
7115894,0.0973596,0.26674,0.6359
7168294,0.0397842,0.128335,0.831881
7173863,0.0755263,0.303135,0.621338
7175292,0.0799174,0.284208,0.635875
7217266,0.0328513,0.129069,0.838079
6844913,0.0886246,0.382345,0.52903
6993194,0.0483085,0.163026,0.788665
6869479,0.0451072,0.280109,0.674784
6994951,0.0220084,0.136437,0.841555
6965983,0.0774766,0.224728,0.697795
7077342,0.020995,0.183444,0.795561
6826967,0.0390661,0.146223,0.814711
7152614,0.104612,0.236466,0.658922
6968375,0.0459651,0.295726,0.658309
6813815,0.181295,0.261531,0.557174
7232764,0.0357477,0.115065,0.849187
6939089,0.0996631,0.306156,0.594181
6952673,0.0582237,0.249113,0.692664
7077460,0.135478,0.293026,0.571495
7213411,0.0455652,0.368369,0.586066
6830341,0.0518095,0.428419,0.519772
7154533,0.0121591,0.114747,0.873094
7094704,0.155588,0.128238,0.716174
7114931,0.0447132,0.0843387,0.870948
7156810,0.0356885,0.444096,0.520216
7004994,0.335044,0.432522,0.232434
7153097,0.0346385,0.11475,0.850611
6927001,0.052976,0.218319,0.728705
7117838,0.0490206,0.137792,0.813188
7004804,0.0035951,0.157473,0.838932
7045045,0.0531006,0.183618,0.763281
6828843,0.0707426,0.282154,0.647103
6988759,0.0608118,0.234454,0.704735
7143986,0.0202491,0.0816188,0.898132
6867775,0.0500707,0.243512,0.706417
7156944,0.0328012,0.0452223,0.921976
6933026,0.0431814,0.165931,0.790888
7163336,0.0201043,0.0938231,0.886073
7124095,0.0483416,0.119398,0.83226
7123427,0.187445,0.329045,0.483509
6826199,0.0256737,0.0776311,0.896695
6826994,0.207043,0.369179,0.423778
6825814,0.104447,0.203213,0.692339
7137185,0.0307052,0.142628,0.826667
7199168,0.0449021,0.20262,0.752478
6931094,0.0406847,0.294931,0.664384
7074062,0.0519384,0.283321,0.664741
6947221,0.0153215,0.282758,0.701921
7114921,0.0620222,0.0460295,0.891948
7139085,0.0242464,0.0252208,0.950533
7197280,0.0639009,0.578228,0.357871
7035869,0.0606996,0.188414,0.750887
7210006,0.108363,0.412902,0.478734
7040177,0.0170777,0.367483,0.615439
6992204,0.0872165,0.267773,0.64501
6983346,0.0122365,0.21881,0.768954
7162392,0.0435879,0.225927,0.730485
7140684,0.364692,0.270912,0.364396
7051233,0.0376473,0.0646755,0.897677
6982420,0.0729785,0.263491,0.663531
7141775,0.0310681,0.154687,0.814245
6853946,0.0434649,0.143871,0.812664
6819465,0.0813139,0.364794,0.553892
6969014,0.0931858,0.166123,0.740692
6839762,0.0478501,0.170719,0.781431
6946611,0.0565459,0.197398,0.746056
6821907,0.134604,0.484576,0.38082
7104546,0.140297,0.25603,0.603673
6846017,0.02477,0.103213,0.872018
6932476,0.0574349,0.0810788,0.861486
6976232,0.04126,0.159536,0.799204
6871688,0.100127,0.192267,0.707605
6897888,0.0311212,0.15325,0.815629
7017469,0.037056,0.217909,0.745035
6947356,0.0591129,0.236274,0.704613
7090158,0.0377636,0.337016,0.62522
6873140,0.109296,0.157313,0.733391
7175924,0.0502922,0.212257,0.737451
7211419,0.0352904,0.273698,0.691011
7089864,0.113518,0.332933,0.553549
7233252,0.0450601,0.211874,0.743066
7127496,0.0170777,0.367483,0.615439
6956254,0.035015,0.185541,0.779444
7216780,0.088778,0.265484,0.645738
7204909,0.066328,0.218732,0.71494
7008492,0.0473338,0.193867,0.7588
7141774,0.0135918,0.275875,0.710534
6955281,0.0234251,0.159296,0.817279
6937212,0.0560187,0.265184,0.678798
6956232,0.0150188,0.252389,0.732592
7079178,0.0496298,0.0971911,0.853179
6989115,0.184047,0.363451,0.452502
6939994,0.0352689,0.102143,0.862589
6819338,0.0598917,0.291265,0.648843
7115713,0.0504774,0.344769,0.604753
7219040,0.0872635,0.222029,0.690707
7212734,0.123432,0.241593,0.634976
7203345,0.0454609,0.166357,0.788182
6870503,0.0632823,0.388725,0.547993
7076660,0.0615323,0.218853,0.719615
6831645,0.0450323,0.178874,0.776094
6855797,0.0656874,0.137776,0.796537
7211539,0.0455867,0.274857,0.679556
7164733,0.544896,0.158828,0.296276
6821720,0.0321055,0.138772,0.829123
7154022,0.0216927,0.101485,0.876823
7032510,0.0329312,0.188803,0.778266
7204838,0.0468007,0.265856,0.687344
6948090,0.0529293,0.214658,0.732413
7048795,0.0655215,0.152159,0.782319
7217967,0.0400946,0.138826,0.821079
7210944,0.232854,0.439563,0.327583
7113149,0.0843054,0.234465,0.68123
7052387,0.313276,0.425403,0.261322
7065903,0.134604,0.484576,0.38082
7166932,0.117048,0.634278,0.248674
7097191,0.0407227,0.237086,0.722192
6851405,0.0435978,0.108987,0.847415
7182290,0.0679919,0.216431,0.715577
7013896,0.0369989,0.125784,0.837217
6886500,0.0609819,0.209693,0.729325
7061497,0.0361237,0.302461,0.661415
7184664,0.0515093,0.116057,0.832434
6947631,0.073362,0.24349,0.683148
7093721,0.0540675,0.239389,0.706543
7163545,0.370471,0.39499,0.234538
7098737,0.0451903,0.149759,0.805051
7040372,0.0464278,0.247768,0.705804
7032404,0.134175,0.339354,0.526471
7175937,0.0787366,0.186038,0.735225
7132000,0.0633304,0.27912,0.65755
6885910,0.0171517,0.100853,0.881995
7200288,0.117085,0.308033,0.574883
7110108,0.0297436,0.133322,0.836934
6993362,0.121838,0.231155,0.647007
7161162,0.0408316,0.252315,0.706854
7016738,0.0745927,0.178186,0.747221
6815513,0.0444582,0.203496,0.752046
7159554,0.117085,0.308033,0.574883
6902033,0.0212899,0.175811,0.802899
7096441,0.102966,0.254237,0.642797
7176369,0.0350683,0.24004,0.724892
6984352,0.0211712,0.272109,0.70672
7224701,0.0899053,0.423909,0.486186
6936617,0.0887987,0.308589,0.602612
7022399,0.166213,0.151265,0.682522
7138168,0.144749,0.151948,0.703303
6815693,0.0756151,0.248518,0.675867
7090343,0.04656,0.17537,0.77807
7175870,0.0830302,0.233699,0.683271
7221777,0.180798,0.105512,0.71369
6929193,0.0298529,0.0965972,0.87355
6936273,0.180081,0.209226,0.610692
6931546,0.0302857,0.397629,0.572085
6832721,0.112086,0.309525,0.578389
6901948,0.13774,0.163033,0.699228
6955101,0.288926,0.186362,0.524712
6848385,0.037978,0.224342,0.73768
7099856,0.0549238,0.235326,0.70975
7068244,0.132794,0.167403,0.699803
7146617,0.0760059,0.322023,0.601971
6826695,0.0448677,0.106439,0.848694
6912630,0.0592642,0.196059,0.744677
6813062,0.0841039,0.340615,0.575281
7042795,0.0230006,0.236652,0.740348
6968252,0.0465581,0.168908,0.784534
6983168,0.0850766,0.246517,0.668406
7008016,0.0535772,0.201396,0.745027
7105899,0.129408,0.205202,0.66539
7042601,0.0454609,0.166357,0.788182
7078892,0.0607971,0.284489,0.654714
7195142,0.0540675,0.239389,0.706543
7178557,0.0311251,0.225605,0.74327
6897903,0.0858406,0.207208,0.706952
7163280,0.0637054,0.204904,0.731391
7045197,0.126313,0.233529,0.640158
6846424,0.0446307,0.263565,0.691805
6904802,0.0327468,0.110312,0.856941
6831963,0.119342,0.207007,0.673651
7218860,0.0243203,0.186868,0.788812
7108458,0.0349714,0.186699,0.778329
6957079,0.0678223,0.40167,0.530508
6822477,0.0748832,0.328654,0.596463
7035834,0.0533311,0.160925,0.785744
6917851,0.0414975,0.102921,0.855581
7180401,0.0657253,0.155736,0.778538
7172382,0.0336682,0.095518,0.870814
6932291,0.0431814,0.165931,0.790888
7109146,0.0705503,0.220267,0.709183
6843384,0.0289108,0.194514,0.776575
7109813,0.0843436,0.32249,0.593166
7033531,0.0589102,0.237058,0.704032
6942718,0.0346385,0.11475,0.850611
6893253,0.040105,0.223161,0.736734
6910555,0.0261228,0.276916,0.696961
7007601,0.0628284,0.1729,0.764272
6872758,0.0380751,0.193477,0.768448
7053799,0.100874,0.264709,0.634417
6863973,0.0346385,0.11475,0.850611
6828895,0.0969891,0.251433,0.651578
6869273,0.0623046,0.0476834,0.890012
7061072,0.0112292,0.0887184,0.900052
7201088,0.052976,0.218319,0.728705
6966596,0.09463,0.309452,0.595918
6983142,0.038523,0.251808,0.709669
6970481,0.0775366,0.47899,0.443474
7106584,0.106688,0.183481,0.709831
7186640,0.0360297,0.146792,0.817178
6942957,0.0739678,0.378574,0.547458
6967151,0.0252904,0.208815,0.765895
7049460,0.0779879,0.215721,0.706291
7098691,0.0317099,0.134305,0.833985
7054096,0.174658,0.212482,0.612859
7191572,0.0360297,0.146792,0.817178
7152429,0.0236665,0.235527,0.740807
7174911,0.0271631,0.159397,0.81344
6825327,0.03342,0.134528,0.832052
7097747,0.0300409,0.0764333,0.893526
6824566,0.0349635,0.133069,0.831967
6836735,0.0971419,0.203953,0.698905
6855808,0.0824806,0.172855,0.744664
7171375,0.219897,0.317197,0.462907
7155050,0.118272,0.454596,0.427132
7097975,0.0472827,0.186121,0.766596
6874937,0.0858406,0.207208,0.706952
6827041,0.053636,0.134484,0.81188
7093469,0.116459,0.324088,0.559453
7202808,0.131091,0.104076,0.764834
6985239,0.13413,0.245686,0.620185
7082489,0.199878,0.418368,0.381754
7052418,0.0710466,0.257163,0.67179
7213868,0.0220084,0.136437,0.841555
7215749,0.0459651,0.295726,0.658309
6914508,0.0351077,0.095124,0.869768
6921021,0.0647503,0.364915,0.570334
7232050,0.020995,0.183444,0.795561
6845568,0.00911437,0.163483,0.827402
7114557,0.0682023,0.242202,0.689595
7071344,0.020995,0.183444,0.795561
7153140,0.0349254,0.140692,0.824383
7052966,0.0520547,0.223555,0.72439
7163772,0.00747961,0.111242,0.881278
6965432,0.0829678,0.217207,0.699825
7003617,0.102966,0.254237,0.642797
6927490,0.0899053,0.423909,0.486186
6880410,0.229195,0.32731,0.443495
7005390,0.0632823,0.388725,0.547993
6970575,0.0302857,0.397629,0.572085
7224111,0.0248703,0.117015,0.858115
6922077,0.0264277,0.0347555,0.938817
7077800,0.0300409,0.0764333,0.893526
7225745,0.172905,0.203549,0.623546
6827662,0.0788457,0.347896,0.573258
7087954,0.0265961,0.226569,0.746835
6855422,0.0781308,0.239082,0.682787
6847051,0.079789,0.145236,0.774975
6890439,0.0677961,0.0931983,0.839006
7030588,0.0807661,0.208168,0.711066
7232591,0.0256737,0.0776311,0.896695
6843442,0.648814852504,0.351185147496,0.0
6840193,0.0725553,0.225887,0.701557
7047623,0.113042,0.106414,0.780543
7112438,0.0826492,0.258513,0.658838
6816769,0.0580351,0.279308,0.662657
7171437,0.0201043,0.0938231,0.886073
6856084,0.0471286,0.210364,0.742507
6817023,0.062711,0.18437,0.752919
6884889,0.0575531,0.319364,0.623083
6994115,0.0347081,0.201583,0.763709
7167614,0.117884,0.370153,0.511964
7193209,0.0729887,0.247764,0.679248
7178192,0.0361225,0.144327,0.819551
6825528,0.0554492,0.279458,0.665093
7005281,0.0383327,0.0734498,0.888217
7169174,0.0397842,0.128335,0.831881
6991871,0.0276923,0.0803407,0.891967
6981497,0.0616891,0.227791,0.71052
6878253,0.035873,0.319618,0.644509
7073225,0.00873829,0.15824,0.833022
6962750,0.0359854,0.199126,0.764888
6860190,0.136317,0.205316,0.658367
7117285,0.0453761,0.176896,0.777727
6932321,0.0554005,0.156687,0.787912
7192166,0.0549238,0.235326,0.70975
6991095,0.0465581,0.168908,0.784534
7076962,0.119625,0.304779,0.575596
7151640,0.0519338,0.180579,0.767487
7054430,0.0202432,0.111263,0.868494
6867602,0.044597,0.0188391,0.936564
7192812,0.0459651,0.295726,0.658309
7100663,0.0439334,0.194761,0.761305
7030003,0.0744627,0.402699,0.522838
7099073,0.0211712,0.272109,0.70672
6971819,0.0880452,0.28803,0.623924
6960539,0.0752176,0.171945,0.752838
7204602,0.0526773,0.19283,0.754493
7020441,0.0431814,0.165931,0.790888
7038943,0.0345296,0.230857,0.734613
7219998,0.05676,0.259901,0.683339
6972279,0.0989547,0.206914,0.694131
